image_width: 3072
image_height: 2048
camera_name: camera
camera_matrix:
  rows: 3
  cols: 3
  data: [2599.59101996968, 0, 1528.51343714847, 0, 2599.32628783837, 1005.63370496221, 0, 0, 1]
distortion_model: plumb_bob
distortion_coefficients:
  rows: 1
  cols: 5
  data: [-0.0827470703754226, 0.17383947971741, -0.00040851518601377, 0.000440205348940563, -0.0805391333761662]
rectification_matrix:
  rows: 3
  cols: 3
  data: [1.000000, 0.000000, 0.000000, 0.000000, 1.000000, 0.000000, 0.000000, 0.000000, 1.000000]
projection_matrix:
  rows: 3
  cols: 4
  data: [2599.59101996968, 0, 1528.51343714847, 0, 0, 2599.32628783837, 1005.63370496221, 0, 0, 0, 1, 0]
