image_width: 1280
image_height: 1024
camera_name: camera
#相机内参矩阵
camera_matrix:
  rows: 3
  cols: 3
  data: [1960.43296438033, -10.2808161880261, 396.704225631127,
         0, 1962.01633815233, 237.488797790347,
         0, 0, 1]
#畸变模型
distortion_model: plumb_bob
#畸变系数
distortion_coefficients:
  rows: 1
  cols: 5
  data: [0, 0, 0, 0, 0]
#校正矩阵
rectification_matrix:
  rows: 3
  cols: 3
  data: [1., 0., 0.,
         0., 1., 0.,
         0., 0., 1.]
#投影矩阵
projection_matrix:
  rows: 3
  cols: 4
  data: [1960.43296438033, 0, 396.704225631127, 0,
         0, 1962.01633815233, 237.488797790347, 0,
         0, 0, 1, 0]
# TimeOff: 1
# Sharpness: 40
# #曝光时间 曝光越低，图像越暗，帧率越高12000 0008
# ExposureTime: 1000
# #曝光增益220
# ExposureValue: 100
# #相机增益
# Gain: 100
# FrameSpeed: 250
# Gamma: 100